post_length,reactions,comments,engagement
2521,5,0,5
2521,46,25,71
4369,22,7,29
2091,32,2,34
3879,48,10,58
1503,21,3,24
3073,26,1,27
3795,7,0,7
1309,31,0,31
999,20,0,20
791,25,2,27
1301,33,2,35
1054,84,2,86
1001,13,1,14
1152,19,1,20
1093,33,5,38
1329,15,17,32
873,46,0,46
1783,24,1,25
1179,14,1,15
569,10,0,10
